61.0 5.0 0
85.0 53.0 24
17.0 57.0 9
49.0 93.0 15
69.0 11.0 17
87.0 15.0 2
49.0 39.0 19
87.0 23.0 10
19.0 83.0 17
69.0 87.0 20
69.0 43.0 16
49.0 67.0 8
17.0 61.0 12
45.0 61.0 3
21.0 53.0 23
71.0 37.0 4
53.0 23.0 23
77.0 63.0 20
89.0 7.0 2
21.0 83.0 19
77.0 25.0 2
85.0 95.0 23
43.0 93.0 23
75.0 25.0 5
1.0 43.0 12
7.0 7.0 15
81.0 69.0 9
23.0 57.0 13
81.0 15.0 18
77.0 35.0 16
49.0 3.0 7
21.0 93.0 6
41.0 37.0 2
71.0 91.0 8
31.0 13.0 2
69.0 33.0 2
91.0 47.0 4
13.0 69.0 13
65.0 75.0 18
91.0 27.0 9
9.0 85.0 19
15.0 19.0 3
7.0 37.0 14
61.0 11.0 19
59.0 83.0 21
85.0 69.0 4
15.0 29.0 6
1.0 13.0 22
1.0 83.0 13
85.0 31.0 10
95.0 25.0 18
5.0 33.0 5
51.0 11.0 9
51.0 85.0 36
