24.0 63.0 0
35.0 60.0 2
79.0 46.0 12
3.0 45.0 14
42.0 50.0 2
3.0 40.0 17
29.0 96.0 20
47.0 30.0 2
54.0 77.0 26
36.0 30.0 7
83.0 86.0 24
30.0 6.0 23
55.0 29.0 13
13.0 2.0 25
1.0 19.0 20
98.0 1.0 3
75.0 10.0 18
39.0 23.0 23
62.0 91.0 6
96.0 9.0 2
27.0 87.0 13
14.0 16.0 22
52.0 49.0 3
95.0 21.0 6
30.0 6.0 7
18.0 40.0 1
82.0 90.0 18
50.0 79.0 18
48.0 49.0 10
82.0 73.0 2
64.0 62.0 9
34.0 78.0 10
83.0 6.0 8
3.0 77.0 30
18.0 8.0 16
53.0 86.0 23
88.0 51.0 2
77.0 51.0 18
58.0 89.0 22
12.0 44.0 1
70.0 88.0 8
36.0 17.0 4
85.0 23.0 26
93.0 30.0 21
68.0 67.0 2
71.0 34.0 15
56.0 73.0 25
37.0 37.0 22
78.0 20.0 19
88.0 69.0 3
95.0 42.0 3
44.0 71.0 5
18.0 1.0 13
