36.0 64.0 0
94.0 47.0 3
10.0 23.0 12
16.0 46.0 25
25.0 79.0 4
41.0 30.0 11
81.0 45.0 20
14.0 79.0 21
42.0 56.0 10
90.0 17.0 20
41.0 39.0 13
21.0 14.0 14
41.0 46.0 16
65.0 96.0 17
13.0 49.0 11
21.0 14.0 36
57.0 2.0 6
14.0 42.0 7
66.0 62.0 21
58.0 96.0 11
5.0 51.0 17
41.0 50.0 22
50.0 99.0 10
84.0 85.0 19
97.0 90.0 21
47.0 76.0 23
11.0 54.0 19
60.0 97.0 15
60.0 89.0 22
58.0 68.0 7
30.0 93.0 11
9.0 60.0 15
47.0 44.0 22
19.0 40.0 12
15.0 40.0 24
88.0 21.0 25
33.0 58.0 2
21.0 51.0 15
57.0 7.0 18
81.0 6.0 13
49.0 6.0 3
51.0 78.0 20
9.0 62.0 14
84.0 36.0 10
95.0 76.0 10
89.0 44.0 66
10.0 49.0 10
69.0 16.0 7
75.0 66.0 12
97.0 11.0 24
74.0 69.0 5
1.0 14.0 18
96.0 91.0 7
46.0 22.0 11
74.0 92.0 12
