59.0 44.0 0
9.0 23.0 2
84.0 68.0 1
36.0 93.0 6
87.0 9.0 9
34.0 16.0 16
40.0 98.0 5
72.0 43.0 3
0.0 60.0 9
64.0 90.0 12
11.0 8.0 1
46.0 7.0 1
33.0 54.0 18
23.0 84.0 10
67.0 18.0 5
34.0 93.0 5
19.0 25.0 9
14.0 9.0 16
70.0 64.0 12
58.0 50.0 6
5.0 78.0 6
95.0 39.0 20
38.0 54.0 23
50.0 73.0 39
48.0 46.0 17
64.0 4.0 8
39.0 28.0 2
79.0 30.0 13
61.0 36.0 17
28.0 50.0 3
51.0 91.0 2
68.0 59.0 7
14.0 9.0 23
94.0 87.0 10
68.0 29.0 7
12.0 91.0 12
2.0 22.0 20
25.0 16.0 13
11.0 57.0 21
3.0 51.0 25
13.0 52.0 5
9.0 76.0 4
58.0 18.0 13
40.0 39.0 12
32.0 89.0 23
9.0 92.0 19
36.0 14.0 10
82.0 13.0 7
10.0 25.0 15
96.0 97.0 5
20.0 21.0 15
40.0 91.0 13
33.0 31.0 30
72.0 74.0 15
41.0 24.0 7
90.0 20.0 9
4.0 44.0 23
54.0 22.0 8
43.0 59.0 5
3.0 70.0 8
94.0 16.0 25
94.0 54.0 12
14.0 40.0 25
37.0 0.0 24
88.0 55.0 8
80.0 25.0 22
37.0 64.0 7
87.0 47.0 24
18.0 68.0 18
