76.0 75.0 0
60.0 14.0 11
46.0 5.0 20
91.0 14.0 26
70.0 95.0 17
86.0 31.0 5
20.0 0.0 17
41.0 55.0 1
21.0 15.0 15
46.0 1.0 16
95.0 45.0 22
16.0 89.0 2
41.0 1.0 22
60.0 94.0 25
55.0 25.0 20
71.0 41.0 20
39.0 35.0 21
61.0 70.0 26
80.0 36.0 12
100.0 26.0 5
65.0 85.0 11
40.0 51.0 5
19.0 71.0 21
34.0 50.0 17
36.0 61.0 12
69.0 50.0 12
61.0 94.0 15
19.0 11.0 21
51.0 91.0 12
61.0 54.0 2
76.0 90.0 17
41.0 75.0 16
35.0 100.0 15
1.0 40.0 26
15.0 91.0 12
21.0 11.0 22
79.0 81.0 16
34.0 36.0 21
74.0 99.0 16
75.0 14.0 2
65.0 54.0 6
55.0 10.0 2
100.0 6.0 6
99.0 91.0 10
25.0 86.0 11
75.0 16.0 1
30.0 45.0 63
21.0 85.0 10
75.0 80.0 21
71.0 35.0 7
56.0 81.0 1
25.0 76.0 6
85.0 76.0 26
60.0 34.0 17
41.0 44.0 10
6.0 55.0 25
60.0 54.0 25
40.0 96.0 25
20.0 71.0 16
94.0 45.0 5
31.0 41.0 22
40.0 49.0 17
56.0 80.0 6
