2.0 48.0 0
64.0 71.0 26
33.0 83.0 18
77.0 89.0 16
96.0 61.0 8
53.0 55.0 7
38.0 10.0 11
7.0 40.0 4
7.0 1.0 9
73.0 68.0 9
4.0 24.0 16
82.0 56.0 7
30.0 56.0 6
38.0 62.0 1
42.0 53.0 2
5.0 49.0 22
1.0 85.0 23
94.0 4.0 4
50.0 70.0 3
35.0 69.0 20
14.0 41.0 7
94.0 73.0 1
23.0 96.0 2
96.0 88.0 12
74.0 94.0 22
68.0 52.0 6
73.0 22.0 11
92.0 96.0 12
4.0 48.0 2
24.0 10.0 14
52.0 72.0 14
61.0 46.0 2
38.0 9.0 9
90.0 15.0 20
58.0 41.0 2
93.0 41.0 18
8.0 74.0 19
13.0 87.0 18
34.0 68.0 4
84.0 97.0 16
35.0 20.0 26
96.0 79.0 3
73.0 87.0 23
21.0 1.0 16
28.0 93.0 10
55.0 94.0 9
56.0 84.0 21
68.0 99.0 24
30.0 53.0 24
85.0 49.0 19
85.0 2.0 12
0.0 30.0 16
12.0 71.0 6
26.0 55.0 2
72.0 75.0 2
71.0 21.0 2
33.0 49.0 23
51.0 2.0 16
93.0 7.0 26
70.0 22.0 21
54.0 53.0 2
26.0 17.0 7
