61.0 37.0 0
93.0 57.0 23
15.0 67.0 17
23.0 43.0 12
53.0 5.0 6
13.0 75.0 22
29.0 73.0 3
47.0 37.0 24
23.0 71.0 24
67.0 45.0 11
21.0 49.0 7
93.0 43.0 12
67.0 13.0 8
69.0 25.0 14
53.0 35.0 20
25.0 39.0 16
85.0 69.0 16
81.0 27.0 4
77.0 79.0 9
45.0 43.0 18
31.0 75.0 14
49.0 99.0 10
63.0 9.0 19
47.0 37.0 22
33.0 47.0 19
39.0 69.0 9
49.0 3.0 18
49.0 87.0 2
87.0 39.0 18
37.0 91.0 11
19.0 33.0 19
97.0 35.0 18
31.0 5.0 15
35.0 25.0 4
79.0 61.0 12
73.0 73.0 8
35.0 95.0 18
5.0 43.0 12
19.0 45.0 72
71.0 39.0 2
35.0 63.0 5
27.0 73.0 14
31.0 21.0 11
47.0 9.0 19
87.0 45.0 16
1.0 49.0 19
1.0 77.0 3
63.0 73.0 12
79.0 71.0 10
21.0 55.0 20
65.0 23.0 7
65.0 47.0 13
97.0 23.0 16
23.0 71.0 23
5.0 81.0 22
53.0 27.0 18
57.0 85.0 6
89.0 23.0 12
51.0 65.0 27
13.0 49.0 9
91.0 41.0 15
