25.0 51.0 0
35.0 7.0 12
93.0 75.0 24
53.0 95.0 16
51.0 81.0 7
51.0 55.0 9
1.0 67.0 20
9.0 23.0 10
75.0 7.0 18
15.0 97.0 26
79.0 5.0 17
9.0 19.0 2
39.0 1.0 11
47.0 1.0 9
33.0 97.0 12
27.0 83.0 11
83.0 79.0 12
17.0 59.0 23
47.0 19.0 7
57.0 9.0 1
87.0 41.0 26
55.0 25.0 10
21.0 91.0 9
21.0 13.0 22
67.0 1.0 21
59.0 21.0 17
1.0 75.0 2
33.0 85.0 15
25.0 21.0 16
45.0 29.0 14
63.0 77.0 23
1.0 77.0 24
77.0 41.0 2
35.0 11.0 12
9.0 77.0 18
61.0 87.0 5
59.0 91.0 19
63.0 79.0 15
97.0 67.0 8
9.0 45.0 6
93.0 21.0 14
83.0 71.0 13
95.0 57.0 5
31.0 69.0 24
77.0 17.0 25
63.0 57.0 2
3.0 63.0 8
11.0 69.0 14
7.0 9.0 2
37.0 65.0 13
75.0 83.0 10
15.0 53.0 6
69.0 5.0 6
69.0 27.0 24
5.0 19.0 21
49.0 31.0 20
77.0 17.0 24
15.0 7.0 4
91.0 39.0 19
79.0 17.0 14
67.0 75.0 23
93.0 51.0 2
25.0 33.0 16
9.0 19.0 23
3.0 65.0 14
