97.0 33.0 0
57.0 81.0 10
1.0 33.0 15
55.0 57.0 23
29.0 37.0 23
21.0 39.0 24
93.0 37.0 17
5.0 91.0 1
25.0 11.0 4
47.0 37.0 2
87.0 25.0 5
67.0 65.0 18
71.0 89.0 9
67.0 15.0 8
45.0 79.0 23
71.0 57.0 13
29.0 1.0 4
59.0 79.0 18
93.0 83.0 16
47.0 41.0 26
51.0 41.0 16
23.0 93.0 4
87.0 95.0 23
39.0 45.0 8
45.0 7.0 26
85.0 51.0 16
35.0 93.0 5
47.0 79.0 2
59.0 91.0 21
83.0 51.0 23
49.0 65.0 8
21.0 55.0 5
51.0 21.0 8
69.0 43.0 26
37.0 41.0 12
37.0 95.0 8
5.0 71.0 3
37.0 47.0 8
83.0 73.0 19
17.0 71.0 16
5.0 71.0 2
81.0 17.0 3
59.0 33.0 17
63.0 87.0 7
21.0 77.0 5
71.0 51.0 8
21.0 17.0 4
9.0 7.0 12
65.0 43.0 19
25.0 63.0 19
13.0 57.0 26
47.0 43.0 24
77.0 9.0 5
57.0 55.0 8
21.0 33.0 22
27.0 59.0 9
83.0 9.0 18
63.0 69.0 19
9.0 35.0 15
25.0 55.0 5
33.0 3.0 11
53.0 11.0 12
51.0 49.0 54
9.0 23.0 8
