91.0 93.0 0
7.0 5.0 4
27.0 91.0 18
21.0 47.0 22
33.0 11.0 14
19.0 99.0 5
59.0 25.0 9
69.0 79.0 7
11.0 73.0 20
21.0 35.0 19
59.0 45.0 7
99.0 81.0 18
71.0 47.0 20
53.0 83.0 2
87.0 1.0 11
79.0 67.0 10
59.0 65.0 5
67.0 21.0 21
27.0 1.0 20
81.0 93.0 1
59.0 89.0 15
95.0 23.0 15
73.0 25.0 14
41.0 25.0 19
3.0 65.0 22
59.0 83.0 21
83.0 97.0 22
5.0 83.0 6
71.0 35.0 24
37.0 97.0 14
29.0 93.0 14
19.0 21.0 2
83.0 13.0 15
97.0 67.0 21
31.0 83.0 15
65.0 17.0 6
19.0 63.0 23
59.0 23.0 14
17.0 25.0 26
45.0 27.0 15
89.0 7.0 15
19.0 41.0 23
23.0 39.0 7
23.0 21.0 22
83.0 61.0 26
11.0 93.0 20
17.0 11.0 3
35.0 11.0 2
21.0 59.0 15
21.0 69.0 2
71.0 13.0 21
63.0 13.0 12
49.0 21.0 4
83.0 31.0 10
41.0 97.0 23
85.0 15.0 4
77.0 73.0 24
57.0 1.0 17
83.0 11.0 2
1.0 75.0 20
45.0 71.0 18
41.0 55.0 19
45.0 13.0 8
