27.0 93.0 0
33.0 27.0 16
29.0 39.0 2
7.0 81.0 7
1.0 59.0 11
49.0 9.0 9
21.0 53.0 17
79.0 89.0 21
81.0 83.0 23
85.0 11.0 10
45.0 9.0 6
7.0 65.0 19
95.0 27.0 18
81.0 85.0 20
37.0 81.0 13
69.0 69.0 5
15.0 95.0 11
89.0 75.0 24
33.0 93.0 2
57.0 83.0 3
11.0 95.0 1
3.0 57.0 5
45.0 11.0 20
43.0 61.0 23
35.0 43.0 24
19.0 83.0 18
83.0 69.0 19
85.0 77.0 2
19.0 39.0 17
83.0 87.0 17
1.0 13.0 9
15.0 39.0 11
83.0 17.0 2
41.0 97.0 6
31.0 61.0 9
59.0 69.0 5
29.0 15.0 9
93.0 83.0 2
63.0 97.0 14
65.0 57.0 19
15.0 69.0 11
31.0 97.0 21
57.0 9.0 20
85.0 37.0 21
21.0 29.0 18
53.0 11.0 48
15.0 77.0 1
41.0 69.0 17
45.0 17.0 42
13.0 25.0 2
63.0 57.0 4
95.0 5.0 24
55.0 91.0 18
3.0 31.0 21
47.0 7.0 11
61.0 69.0 9
85.0 35.0 18
89.0 81.0 22
45.0 47.0 9
65.0 93.0 23
