92.0 92.0 0
88.0 58.0 24
70.0 6.0 22
57.0 59.0 23
0.0 98.0 5
61.0 38.0 11
65.0 22.0 23
91.0 52.0 26
59.0 2.0 9
3.0 54.0 23
95.0 38.0 9
80.0 28.0 14
66.0 42.0 16
79.0 74.0 12
99.0 25.0 2
20.0 43.0 2
40.0 3.0 6
50.0 42.0 20
97.0 0.0 26
21.0 19.0 12
36.0 21.0 15
100.0 61.0 13
11.0 85.0 26
69.0 35.0 17
69.0 22.0 7
29.0 35.0 12
14.0 9.0 4
50.0 33.0 4
89.0 17.0 20
57.0 44.0 10
60.0 25.0 9
48.0 42.0 2
17.0 93.0 9
21.0 50.0 1
77.0 18.0 2
2.0 4.0 2
63.0 83.0 12
68.0 6.0 14
41.0 95.0 23
48.0 54.0 21
98.0 73.0 13
26.0 38.0 13
69.0 76.0 23
40.0 1.0 3
65.0 41.0 6
14.0 86.0 23
32.0 39.0 11
14.0 24.0 2
96.0 5.0 7
82.0 98.0 13
23.0 85.0 10
63.0 69.0 3
87.0 19.0 6
56.0 75.0 13
15.0 63.0 2
10.0 45.0 14
7.0 30.0 7
31.0 11.0 21
36.0 93.0 7
50.0 31.0 22
49.0 52.0 13
39.0 10.0 22
76.0 40.0 18
83.0 34.0 22
33.0 51.0 6
0.0 15.0 2
52.0 82.0 11
52.0 82.0 5
46.0 6.0 9
3.0 26.0 9
46.0 80.0 5
94.0 30.0 12
26.0 76.0 2
75.0 92.0 12
57.0 51.0 19
34.0 21.0 6
28.0 80.0 14
59.0 66.0 2
51.0 16.0 2
87.0 11.0 24
