50 50 0
34.96714153011233 68.61735698828815 15
34.73860833744823 83.68450123265755 23
29.05378998102028 60.711718999660675 25
45.79212815507391 77.67434729152909 25
24.19121865976485 64.74830192821852 25
44.62378120346017 85.38714967614598 16
30.222218266119828 65.72207086396655 14
67.48956031914223 28.361328835052298 23
71.42464602386654 29.653478157724006 7
74.17011109663176 38.324618571211566 13
63.99361310081195 27.083062502067232 24
77.79192634515005 18.989022436501664 16
64.66351196157513 29.944721376798736 18
58.06841770510908 25.909480982760687 8
32.08863595004755 10.403298761202244 14
25.385342818258167 30.666572785086245 22
32.186383160538625 38.817610389486106 20
37.45859541825431 11.634167606824477 12
34.73193249460023 36.591905984289845 19
25.393612290402125 40.57122226218915 17
