50 50 0
34.96714153011233 68.61735698828815 15
34.73860833744823 83.68450123265755 23
29.05378998102028 60.711718999660675 25
45.79212815507391 77.67434729152909 25
24.19121865976485 64.74830192821852 25
44.62378120346017 85.38714967614598 16
30.222218266119828 65.72207086396655 14
27.489560319142235 68.3613288350523 23
31.42464602386655 69.65347815772401 7
34.17011109663175 78.32461857121156 13
63.99361310081195 27.083062502067232 24
77.79192634515005 18.989022436501664 16
64.66351196157513 29.944721376798736 18
58.06841770510908 25.909480982760687 8
72.08863595004756 10.403298761202244 14
65.38534281825817 30.666572785086245 22
72.18638316053863 38.817610389486106 20
77.45859541825432 11.634167606824477 12
74.73193249460023 36.591905984289845 19
65.39361229040213 40.57122226218915 17
33.24083969394795 26.149177195836835 5
29.56463197526502 27.246990897536072 5
35.821227947130396 38.87748459593357 7
34.760425874269714 43.03661268398584 14
21.607824767773614 26.907876241487855 11
28.31794911900915 41.64768645504524 5
28.22267878729345 25.896166913136994 9
38.125258223941984 43.56240028570823 7
19.62170123484518 29.241962549718146 18
34.67794753263152 37.361223506692575 18
100 60.79609194932624 19
68.49466141740217 60.344423281050254 23
70.87047068238171 67.00992649534133 24
87.94280843008586 75.80689541730027 9
64.65583546326495 55.049461291856645 15
86.22920499341373 78.23733076975141 6
55.33032114820474 78.92629471506162 25
72.5711687005628 73.14512895863172 16
79.62641289999702 67.90307563163002 11
67.4181520146366 74.60955615420293 24
36.50610026766991 39.8092721463193 10
23.4482395243653 53.45517943888766 9
39.03734204718644 59.14884321926012 19
45.16877321248707 44.301716516015965 13
43.37261686621787 48.53527193258384 24
58.17873512216565 39.453955305331625 7
39.27468165564342 40.0741382059681 21
45.58233976773987 49.15834914818823 5
64.33515487289921 60.657937085493046 25
53.39820964186644 49.92619850055427 8
