50 50 0
34.96714153011233 68.61735698828815 15
34.73860833744823 83.68450123265755 23
29.05378998102028 60.711718999660675 25
45.79212815507391 77.67434729152909 25
24.19121865976485 64.74830192821852 25
44.62378120346017 85.38714967614598 16
30.222218266119828 65.72207086396655 14
27.489560319142235 68.3613288350523 23
31.42464602386655 69.65347815772401 7
34.17011109663175 78.32461857121156 13
23.99361310081195 67.08306250206724 24
37.791926345150046 58.98902243650166 16
24.663511961575132 69.94472137679874 18
18.068417705109077 65.90948098276068 8
32.08863595004755 50.403298761202244 14
65.38534281825817 30.666572785086245 22
72.18638316053863 38.817610389486106 20
77.45859541825432 11.634167606824477 12
74.73193249460023 36.591905984289845 19
65.39361229040213 40.57122226218915 17
73.24083969394795 26.149177195836835 5
69.56463197526502 27.246990897536072 5
75.8212279471304 38.87748459593357 7
74.76042587426971 43.03661268398584 14
61.607824767773614 26.907876241487855 11
68.31794911900914 41.64768645504524 5
68.22267878729345 25.896166913136994 9
78.12525822394198 43.56240028570823 7
59.621701234845176 29.241962549718146 18
74.67794753263152 37.361223506692575 18
63.72296253626673 20.79609194932624 19
28.494661417402174 20.344423281050254 23
30.87047068238171 27.009926495341325 24
47.94280843008586 35.80689541730026 9
24.65583546326495 15.049461291856641 15
46.22920499341374 38.237330769751416 6
15.330321148204739 38.92629471506162 25
32.571168700562794 33.145128958631716 16
39.62641289999702 27.90307563163002 11
27.418152014636608 34.609556154202934 24
16.506100267669908 19.809272146319298 10
3.448239524365299 33.45517943888766 9
19.037342047186446 39.14884321926012 19
25.168773212487068 24.301716516015965 13
23.372616866217868 28.53527193258384 24
78.17873512216565 59.453955305331625 7
59.27468165564342 60.0741382059681 21
65.58233976773987 69.15834914818822 5
84.33515487289921 80.65793708549305 25
73.39820964186644 69.92619850055426 8
67.85675516743807 63.10805789535755 21
61.98172156650306 83.84015718932679 24
69.54597344713163 72.16936726162342 20
65.57197655094357 73.78226614740852 10
77.89672804750673 74.31489463263043 8
70.09144345740137 66.34460703167457 23
62.797020071411865 67.3006623092431 13
60.80575765766197 85.4993440501754 22
74.81979139002894 79.26456358620322 22
78.1351721736967 57.69135683566045 20
63.63886524417105 75.39162716269333 6
60.00485607762105 51.524208622592596 13
59.648105823284354 39.35168847136994 20
56.17640845511145 62.1707079698011 15
58.53997786494901 67.88593857325462 20
52.93072473298681 42.85648581973632 22
51.74833011991471 37.83145107640761 7
38.08696502797351 56.5655360863383 5
49.9514305534897 46.16676693734097 20
57.69977359930793 62.68389522403902 11
40.40105367886094 61.04928218450149 20
47.54611883997129 42.4626383564251 18
53.158909071523155 50.592812840531955 23
52.766907993300194 58.27183249036024 6
63.0034514799654 36.56476235932567 19
