50 50 0
34.96714153011233 68.61735698828815 15
34.73860833744823 83.68450123265755 23
29.05378998102028 60.711718999660675 25
45.79212815507391 77.67434729152909 25
24.19121865976485 64.74830192821852 25
44.62378120346017 85.38714967614598 16
30.222218266119828 65.72207086396655 14
27.489560319142235 68.3613288350523 23
31.42464602386655 69.65347815772401 7
34.17011109663175 78.32461857121156 13
23.99361310081195 67.08306250206724 24
37.791926345150046 58.98902243650166 16
24.663511961575132 69.94472137679874 18
18.068417705109077 65.90948098276068 8
32.08863595004755 50.403298761202244 14
25.385342818258167 70.66657278508625 22
32.186383160538625 78.8176103894861 20
37.45859541825431 51.63416760682448 12
34.73193249460023 76.59190598428984 19
25.393612290402125 80.57122226218915 17
33.24083969394795 66.14917719583684 5
29.56463197526502 67.24699089753607 5
35.821227947130396 78.87748459593357 7
34.760425874269714 83.03661268398584 14
21.607824767773614 66.90787624148786 11
28.31794911900915 81.64768645504523 5
28.22267878729345 65.896166913137 9
38.125258223941984 83.56240028570824 7
19.62170123484518 69.24196254971815 18
34.67794753263152 77.36122350669258 18
100 20.79609194932624 19
68.49466141740217 20.344423281050254 23
70.87047068238171 27.009926495341325 24
87.94280843008586 35.80689541730026 9
64.65583546326495 15.049461291856641 15
86.22920499341373 38.237330769751416 6
55.33032114820474 38.92629471506162 25
72.5711687005628 33.145128958631716 16
79.62641289999702 27.90307563163002 11
67.4181520146366 34.609556154202934 24
56.50610026766991 19.809272146319298 10
43.4482395243653 33.45517943888766 9
59.03734204718644 39.14884321926012 19
65.16877321248707 24.301716516015965 13
63.37261686621787 28.53527193258384 24
78.17873512216565 19.453955305331625 7
59.27468165564342 20.074138205968097 21
65.58233976773987 29.158349148188226 5
84.33515487289921 40.657937085493046 25
73.39820964186644 29.92619850055427 8
67.85675516743807 23.108057895357547 21
61.98172156650306 43.84015718932678 24
69.54597344713163 32.16936726162342 20
65.57197655094357 33.78226614740852 10
77.89672804750673 34.31489463263042 8
70.09144345740137 26.344607031674574 23
62.797020071411865 27.300662309243094 13
60.80575765766197 45.499344050175395 22
74.81979139002894 39.264563586203224 22
78.1351721736967 17.69135683566045 20
43.63886524417105 55.391627162693325 6
40.00485607762105 31.524208622592596 13
39.648105823284354 19.35168847136994 20
36.17640845511145 42.1707079698011 15
38.53997786494901 47.88593857325462 20
32.93072473298681 22.85648581973632 22
31.748330119914712 17.83145107640761 7
18.086965027973513 36.5655360863383 5
29.9514305534897 26.166766937340967 20
37.69977359930793 42.68389522403902 11
20.40105367886094 41.04928218450149 20
27.546118839971296 22.462638356425103 18
33.158909071523155 30.59281284053196 23
32.766907993300194 38.27183249036024 6
43.0034514799654 16.56476235932567 19
15.935947328184511 29.654703439051914 20
19.291075019388877 34.824724152431855 18
27.76537214674149 37.14000494092092 13
28.723952057186256 33.415908059487165 18
25.475377676553308 37.77049794903608 25
23.906266241155866 21.864789030399766 7
32.14093744130204 17.54261221288012 7
21.16142563798867 31.53725105945528 19
40.574235088623766 30.513608594796352 21
34.49774038488734 47.789243438859614 14
35.1503526720866 35.13785950912209 17
18.16734378545581 34.94995654191695 12
39.54001763493203 36.51391251305798 16
14.39442927562731 50.00348089106104 23
53.146585666735085 11.327348074082519 21
61.068797263707765 66.65182752605266 5
64.58714558360033 77.76823004425603 16
62.69633368282864 72.16458589581976 17
66.25478440909531 57.08783886863817 7
83.63435490951704 78.28765977604874 17
68.92805524838874 65.13782714246877 23
62.07479261567299 68.85263558533102 9
87.81291077026367 63.225843322852434 5
66.65752908849632 66.82153093489417 6
66.80644922185222 67.95383494522412 12
71.83855514409558 75.77897135098834 11
62.12398089641128 89.23624412145278 7
62.692585967703465 57.2008026673687 9
66.60613706821803 61.84729063478076 9
67.19345124659179 63.96024080502252 24
76.9909238185999 75.99896633711006 8
67.4743184860684 57.52216818035151 14
70.01813611194676 77.55935281791652 9
79.72632866898792 85.44474838707792 20
67.97542474168449 70.60896607117161 24
51.026230175113426 82.80540761677463 5
91.33033374656267 50.47912200477498 9
81.37017418633458 74.46890144774068 12
65.1356723394764 72.0759826128572 12
85.54922676636602 60.18799664762451 6
69.71578542400933 52.835755540560285 25
75.29435511653803 68.1610826227198 8
74.48648674052005 69.21268316332193 8
75.51737010465074 62.89872042072516 7
69.79098406035853 71.17327383308782 22
54.921410339366616 34.72547374165589 9
57.64478235325711 38.888361872559024 7
63.05478807154329 50.21003841632759 17
47.607752021302446 58.53974711067856 16
53.92041889732596 48.754747524063156 24
69.1231763983997 60.65227082546918 25
52.019074418027955 41.95263314924504 24
61.581108735000676 57.91662693962936 20
43.00853421908083 49.91182953754193 9
53.24518316374555 66.7529324966822 15
56.13841341475425 63.57880788099988 10
52.44966571108723 44.9305682462887 14
58.86201966129376 47.66296820685995 6
61.54354338408924 45.226182694246795 11
42.81555778747564 47.86552848288153 16
29.62924065027861 65.70032280542672 23
49.80983792097311 39.97470635362191 17
64.43747209685762 30.850926303904778 24
62.71138225980915 57.708631014640396 17
44.60254640675406 35.80038367008309 21
50.57412947756371 41.558922675912534 25
50.69652664518879 59.83504306358465 15
48.3192921079447 52.851753246496536 23
50.245101742589426 54.979982912454496 13
42.981865574724 40.328889453990335 5
62.00411548413398 68.16087790243816 20
53.66909417096974 52.094968626323585 14
71.89802933217672 41.91701714644849 12
54.62724313641119 39.591498467201035 12
60.32600404017977 31.89868675003984 9
