50 50 0
34.96714153011233 68.61735698828815 15
34.73860833744823 83.68450123265755 23
29.05378998102028 60.711718999660675 25
45.79212815507391 77.67434729152909 25
24.19121865976485 64.74830192821852 25
44.62378120346017 85.38714967614598 16
30.222218266119828 65.72207086396655 14
27.489560319142235 68.3613288350523 23
31.42464602386655 69.65347815772401 7
34.17011109663175 78.32461857121156 13
23.99361310081195 67.08306250206724 24
37.791926345150046 58.98902243650166 16
24.663511961575132 69.94472137679874 18
18.068417705109077 65.90948098276068 8
32.08863595004755 50.403298761202244 14
25.385342818258167 70.66657278508625 22
32.186383160538625 78.8176103894861 20
37.45859541825431 51.63416760682448 12
34.73193249460023 76.59190598428984 19
25.393612290402125 80.57122226218915 17
33.24083969394795 66.14917719583684 5
29.56463197526502 67.24699089753607 5
35.821227947130396 78.87748459593357 7
34.760425874269714 83.03661268398584 14
21.607824767773614 66.90787624148786 11
28.31794911900915 81.64768645504523 5
28.22267878729345 65.896166913137 9
38.125258223941984 83.56240028570824 7
19.62170123484518 69.24196254971815 18
34.67794753263152 77.36122350669258 18
63.72296253626673 60.79609194932624 19
28.494661417402174 60.344423281050254 23
30.87047068238171 67.00992649534133 24
47.94280843008586 75.80689541730027 9
24.65583546326495 55.049461291856645 15
46.22920499341374 78.23733076975141 6
15.330321148204739 78.92629471506162 25
32.571168700562794 73.14512895863172 16
39.62641289999702 67.90307563163002 11
27.418152014636608 74.60955615420293 24
56.50610026766991 19.809272146319298 10
43.4482395243653 33.45517943888766 9
59.03734204718644 39.14884321926012 19
65.16877321248707 24.301716516015965 13
63.37261686621787 28.53527193258384 24
78.17873512216565 19.453955305331625 7
59.27468165564342 20.074138205968097 21
65.58233976773987 29.158349148188226 5
84.33515487289921 40.657937085493046 25
73.39820964186644 29.92619850055427 8
67.85675516743807 23.108057895357547 21
61.98172156650306 43.84015718932678 24
69.54597344713163 32.16936726162342 20
65.57197655094357 33.78226614740852 10
77.89672804750673 34.31489463263042 8
70.09144345740137 26.344607031674574 23
62.797020071411865 27.300662309243094 13
60.80575765766197 45.499344050175395 22
74.81979139002894 39.264563586203224 22
78.1351721736967 17.69135683566045 20
83.63886524417106 55.391627162693325 6
80.00485607762104 31.524208622592596 13
79.64810582328435 19.35168847136994 20
76.17640845511144 42.1707079698011 15
78.53997786494901 47.88593857325462 20
72.93072473298682 22.85648581973632 22
71.74833011991471 17.83145107640761 7
58.08696502797351 36.5655360863383 5
69.9514305534897 26.166766937340967 20
77.69977359930793 42.68389522403902 11
60.40105367886094 41.04928218450149 20
67.5461188399713 22.462638356425103 18
73.15890907152315 30.59281284053196 23
72.7669079933002 38.27183249036024 6
83.0034514799654 16.56476235932567 19
55.93594732818451 29.654703439051914 20
59.29107501938888 34.824724152431855 18
67.7653721467415 37.14000494092092 13
68.72395205718625 33.415908059487165 18
65.47537767655331 37.77049794903608 25
23.906266241155866 21.864789030399766 7
32.14093744130204 17.54261221288012 7
21.16142563798867 31.53725105945528 19
40.574235088623766 30.513608594796352 21
34.49774038488734 47.789243438859614 14
35.1503526720866 35.13785950912209 17
18.16734378545581 34.94995654191695 12
39.54001763493203 36.51391251305798 16
14.39442927562731 50.00348089106104 23
53.146585666735085 11.327348074082519 21
21.06879726370777 26.651827526052664 5
24.587145583600325 37.76823004425603 16
22.696333682828634 32.16458589581975 17
26.2547844090953 17.087838868638173 7
43.63435490951704 38.28765977604875 17
28.928055248388738 25.13782714246876 23
22.074792615672994 28.85263558533101 9
47.81291077026367 23.225843322852434 5
26.657529088496325 26.821530934894167 6
26.80644922185222 27.953834945224116 12
31.838555144095583 35.77897135098834 11
22.123980896411283 49.23624412145279 7
22.692585967703465 17.2008026673687 9
26.606137068218032 21.847290634780762 9
27.193451246591795 23.96024080502252 24
36.99092381859989 35.99896633711006 8
27.474318486068398 17.522168180351507 14
30.018136111946763 37.559352817916526 9
39.72632866898791 45.44474838707792 20
27.97542474168449 30.608966071171604 24
11.026230175113422 42.80540761677464 5
51.330333746562665 10.479122004774982 9
41.37017418633458 34.46890144774068 12
25.135672339476393 32.075982612857196 12
45.54922676636602 20.18799664762451 6
29.715785424009333 12.835755540560282 25
35.29435511653803 28.161082622719796 8
34.48648674052005 29.21268316332193 8
35.517370104650745 22.898720420725162 7
29.790984060358518 31.17327383308782 22
74.92141033936662 54.72547374165589 9
77.64478235325711 58.888361872559024 7
83.05478807154329 70.21003841632759 17
67.60775202130245 78.53974711067856 16
73.92041889732596 68.75474752406316 24
89.1231763983997 80.65227082546917 25
72.01907441802796 61.95263314924504 24
81.58110873500068 77.91662693962935 20
63.00853421908083 69.91182953754192 9
73.24518316374555 86.7529324966822 15
76.13841341475424 83.57880788099988 10
72.44966571108722 64.9305682462887 14
78.86201966129376 67.66296820685994 6
81.54354338408923 65.22618269424679 11
62.81555778747564 67.86552848288153 16
49.62924065027861 85.70032280542672 23
69.80983792097311 59.97470635362191 17
84.43747209685762 50.85092630390478 24
82.71138225980914 77.70863101464039 17
64.60254640675406 55.80038367008309 21
70.5741294775637 61.558922675912534 25
70.6965266451888 79.83504306358465 15
68.3192921079447 72.85175324649654 23
70.24510174258943 74.9799829124545 13
62.981865574724 60.328889453990335 5
82.00411548413399 88.16087790243816 20
73.66909417096974 72.09496862632359 14
91.89802933217672 61.91701714644849 12
74.62724313641118 59.591498467201035 12
80.32600404017977 51.89868675003984 9
73.4175597577716 88.76170839215887 5
87.27747627434259 55.07398635584307 20
77.41963016529465 84.76658625429629 6
57.682692324901744 71.89584920160588 5
68.92015035646942 85.27101259892477 19
72.95477524423184 59.026541314333414 21
68.85460154747382 82.37816311973462 7
72.1868309227614 65.15624308030696 9
85.16233322933897 73.12458481097947 9
63.55724819832052 83.55970385308191 25
39.32379570617405 48.576205149787064 23
41.27896234596441 43.28976088849305 5
60.604468141104675 65.41370996918182 12
49.98364033355902 45.7396766143558 7
61.792971840638266 50.67518481410109 16
60.26579846552078 51.66088132508151 21
56.45375949585147 63.68631557532349 6
52.031135479465064 50.49572729299405 22
32.691268962344324 64.44338791981811 23
47.305931655554424 57.17542255795962 10
58.66070516042798 48.96423900098377 14
32.96617560644845 49.44452301103381 9
49.938008603261274 54.03119327085577 17
53.75588067991645 36.28410620276876 15
53.66598246096848 40.60120213672645 12
42.47553299673131 66.73748159391383 7
54.6777954620771 50.15064381578995 23
41.84500926711512 44.40974506766143 25
66.82926464372936 73.8163679450795 16
44.46350694652818 38.021221074111516 18
37.815103587134146 38.39674974730694 19
43.00274492007414 52.13979910734222 15
58.5135426460051 43.79636277464448 21
51.78128425761064 50.35635459850456 19
47.24948302848356 26.98078835264415 18
66.44967713501283 47.50963960443622 18
58.66849063342143 54.71036831418021 15
40.27731452275928 50.79482451817538 10
33.93553679742428 52.03463635867223 9
52.59921469135729 37.08963929101885 21
43.534271157574736 39.18451996385605 16
42.97448882879836 38.06739884361574 8
63.430988181077296 36.92342931816243 22
50.77368307647618 41.38715798671736 6
70.84477230541563 63.90903496185275 16
46.11930810202586 43.31598031696732 10
52.2599727409403 58.39747437897714 17
54.96578158964799 48.05748611765966 25
43.49357430878173 45.12874616235304 15
51.7396632916957 59.078719472424275 15
