50 50 0
34.96714153011233 68.61735698828815 15
34.73860833744823 83.68450123265755 23
29.05378998102028 60.711718999660675 25
45.79212815507391 77.67434729152909 25
24.19121865976485 64.74830192821852 25
44.62378120346017 85.38714967614598 16
30.222218266119828 65.72207086396655 14
27.489560319142235 68.3613288350523 23
31.42464602386655 69.65347815772401 7
34.17011109663175 78.32461857121156 13
23.99361310081195 67.08306250206724 24
37.791926345150046 58.98902243650166 16
24.663511961575132 69.94472137679874 18
18.068417705109077 65.90948098276068 8
32.08863595004755 50.403298761202244 14
25.385342818258167 70.66657278508625 22
32.186383160538625 78.8176103894861 20
37.45859541825431 51.63416760682448 12
34.73193249460023 76.59190598428984 19
25.393612290402125 80.57122226218915 17
73.24083969394795 26.149177195836835 5
69.56463197526502 27.246990897536072 5
75.8212279471304 38.87748459593357 7
74.76042587426971 43.03661268398584 14
61.607824767773614 26.907876241487855 11
68.31794911900914 41.64768645504524 5
68.22267878729345 25.896166913136994 9
78.12525822394198 43.56240028570823 7
59.621701234845176 29.241962549718146 18
74.67794753263152 37.361223506692575 18
100 20.79609194932624 19
68.49466141740217 20.344423281050254 23
70.87047068238171 27.009926495341325 24
87.94280843008586 35.80689541730026 9
64.65583546326495 15.049461291856641 15
86.22920499341373 38.237330769751416 6
55.33032114820474 38.92629471506162 25
72.5711687005628 33.145128958631716 16
79.62641289999702 27.90307563163002 11
67.4181520146366 34.609556154202934 24
16.506100267669908 19.809272146319298 10
3.448239524365299 33.45517943888766 9
19.037342047186446 39.14884321926012 19
25.168773212487068 24.301716516015965 13
23.372616866217868 28.53527193258384 24
38.17873512216565 19.453955305331625 7
19.274681655643423 20.074138205968097 21
25.58233976773987 29.158349148188226 5
44.3351548728992 40.657937085493046 25
33.39820964186644 29.92619850055427 8
27.85675516743807 23.108057895357547 21
21.98172156650306 43.84015718932678 24
29.545973447131637 32.16936726162342 20
25.571976550943578 33.78226614740852 10
37.89672804750673 34.31489463263042 8
30.091443457401375 26.344607031674574 23
22.79702007141187 27.300662309243094 13
20.80575765766197 45.499344050175395 22
34.819791390028946 39.264563586203224 22
38.135172173696695 17.69135683566045 20
83.63886524417106 95.39162716269333 6
80.00485607762104 71.5242086225926 13
79.64810582328435 59.35168847136994 20
76.17640845511144 82.1707079698011 15
78.53997786494901 87.88593857325462 20
72.93072473298682 62.85648581973632 22
71.74833011991471 57.83145107640761 7
58.08696502797351 76.5655360863383 5
69.9514305534897 66.16676693734097 20
77.69977359930793 82.68389522403902 11
60.40105367886094 81.0492821845015 20
67.5461188399713 62.4626383564251 18
73.15890907152315 70.59281284053196 23
72.7669079933002 78.27183249036024 6
83.0034514799654 56.56476235932567 19
55.93594732818451 69.65470343905191 20
59.29107501938888 74.82472415243186 18
67.7653721467415 77.14000494092092 13
68.72395205718625 73.41590805948717 18
65.47537767655331 77.77049794903608 25
43.90626624115586 41.86478903039976 7
52.14093744130204 37.542612212880115 7
41.16142563798867 51.53725105945528 19
60.574235088623766 50.51360859479635 21
54.49774038488734 67.78924343885961 14
55.1503526720866 55.13785950912209 17
38.16734378545581 54.94995654191695 12
59.54001763493203 56.51391251305798 16
34.39442927562731 70.00348089106103 23
73.14658566673509 31.32734807408252 21
41.068797263707765 46.651827526052664 5
44.587145583600325 57.76823004425603 16
42.69633368282864 52.16458589581975 17
46.2547844090953 37.08783886863817 7
63.63435490951704 58.28765977604875 17
48.92805524838874 45.13782714246876 23
42.07479261567299 48.85263558533101 9
67.81291077026367 43.225843322852434 5
46.657529088496325 46.82153093489416 6
46.80644922185222 47.953834945224116 12
